.Random.seed <-
c(403L, 10L, 1725187278L, 1729751592L, 2084321835L, 1325437001L, 
516116824L, -2000812026L, 753367521L, 1862501235L, -1940203550L, 
793935700L, 1636086359L, 1110663757L, 1359250916L, -1647747126L, 
1025040949L, 158820495L, 1690212758L, -815127232L, -830326781L, 
-1942246879L, -1530090224L, 827286254L, -160432487L, 1720827691L, 
1518090778L, -626808612L, 312173791L, 481649333L, -477744052L, 
-2119169886L, -618477571L, -1325779721L, -703733218L, -1946952488L, 
-635363269L, 1678076377L, 2138705768L, -550321514L, 1697844241L, 
1351704003L, -1574837806L, 142600292L, -2118727769L, 1211812093L, 
1236376820L, 1945172954L, 1044467493L, 223909439L, -1916019258L, 
-1638303152L, -2131429773L, 514521745L, -1895742784L, -683121506L, 
-1008449431L, -1966889829L, -1201431126L, -581546548L, 852091023L, 
-1974656827L, -1476865924L, -147034926L, 613549133L, -1774316281L, 
-268535570L, 1319983560L, 856964811L, 745287465L, 473282424L, 
-596833114L, -234135871L, 230823763L, 345691138L, 1744761140L, 
307583671L, -325286227L, 1265272772L, -1322061846L, 2022518869L, 
-605418001L, 1423480310L, -1311165664L, 1099001059L, 594864513L, 
-1605672976L, 731315854L, -904543751L, -180401269L, 1346504634L, 
1697302204L, 20930047L, 2007046997L, -1099625364L, -1464473406L, 
-1212630243L, -1594936937L, 2016143614L, 1957755576L, -593017701L, 
-34454791L, -1103035320L, 405432182L, 1922179761L, 460305123L, 
-1600409166L, -519044604L, -1266517689L, -1294367715L, 285129364L, 
-1165151686L, 129580165L, -1139646113L, 2089890278L, 1020125296L, 
-515234925L, -1519295439L, 1215884000L, -2009240706L, -1792089591L, 
-2006848965L, 1436120074L, 1301466092L, -1715822481L, 1813430181L, 
-190691492L, 1837353778L, -2041761235L, -1154375449L, -1830399474L, 
-135761944L, 732140011L, 2142659209L, -1894393320L, -2138894010L, 
1887510433L, 2107396659L, 1339469730L, -600561004L, 1062494487L, 
-1398341875L, 348321316L, -2015863286L, -1444124811L, -853445937L, 
1516815830L, 2136541568L, -1570946621L, -486025375L, -1450971696L, 
775544110L, 424602841L, -871356693L, -691616934L, -1026058980L, 
1953293343L, 208349301L, 568292620L, 515299554L, 205279677L, 
-231680457L, 51760350L, 649779224L, 846727035L, -1100609767L, 
-995845208L, -427422890L, 663589841L, 784152451L, -1330241006L, 
38712740L, -1903759001L, 1690689213L, -1708546508L, -122266214L, 
-1451677211L, 790369663L, 425925894L, 499304080L, 450940723L, 
2070531281L, 1673533056L, -1953087650L, 489036969L, -970387621L, 
7693674L, 1473456140L, 1585381455L, 2064218373L, -1975520836L, 
46060690L, 824659853L, 470226887L, -2115130194L, -1756775160L, 
-1178625269L, -510347799L, 926130872L, -1046141594L, -17121791L, 
997787795L, 1375146818L, -1398182668L, 1502198007L, 2022764781L, 
-2018053244L, -1398182486L, -1312337131L, -132386385L, 1146155446L, 
1791592416L, 1572161315L, -401917887L, -1406053584L, -782198450L, 
-1784878151L, -1294926389L, -2098729350L, -672988292L, -1777464385L, 
631501973L, 1911233196L, 937744514L, 777435229L, 1556655959L, 
-291278274L, -438405512L, 1700205915L, -234432672L, 1777684300L, 
-1199697952L, 226724770L, -2137478232L, -367502964L, -1221425988L, 
2058006898L, 2002415856L, 1848606788L, -295367336L, 2081202746L, 
-565829776L, -635671492L, -1455142124L, 1121867202L, -1772497184L, 
-1849756804L, 1107694288L, -213003102L, 689367080L, 1746684172L, 
1137824700L, 1420625202L, -916864576L, -457543116L, -1372993592L, 
1618928826L, 810981776L, -1002708500L, 1998241364L, -348590958L, 
2003581728L, -78093876L, 1813904864L, 126643906L, -683626456L, 
-1598824788L, -113823556L, 1781634546L, 506633520L, 1688257700L, 
671277752L, 946207066L, -1814163056L, 1182437244L, -1153947372L, 
1801006914L, 730500864L, -1897421892L, 1781349200L, 1049546530L, 
526771528L, -1218591220L, 936009820L, -1135249198L, 489436672L, 
-509789868L, -743356952L, -1294375942L, 1737714896L, -1621477076L, 
-1613465868L, -311855726L, 595730528L, 1209464076L, -1295007008L, 
92120418L, -731805016L, -80006580L, 1261415804L, 193093938L, 
-208610192L, 599966532L, -295044648L, -1342653318L, -1686815184L, 
-853024068L, -631600300L, -889241534L, -1652696672L, -596212036L, 
-1358920240L, 1863216482L, 50143208L, 293507020L, 943225596L, 
-819962382L, -1127705472L, 1036263668L, -411049336L, 1384743738L, 
1322454864L, -1688604052L, 1118451860L, -134074030L, -558119200L, 
951619276L, 1082970272L, -149231742L, 359102184L, 167501548L, 
-1889345476L, 1887145586L, 2068569200L, -921628124L, 188825656L, 
-2109515750L, -322730288L, -366097348L, -446286700L, -1526884222L, 
-1004417088L, 392071484L, 1928511120L, -902559710L, -1671964664L, 
-2075460468L, 709600284L, -1711242606L, -1637113728L, 6480916L, 
185340200L, 1656896058L, 1564337360L, 1170930796L, 780836532L, 
-1195501550L, 345927648L, -2036958260L, -1347103264L, 1500264994L, 
1511638312L, -870540020L, -1415268804L, 1546930418L, -1050401040L, 
-223482044L, -2086525352L, -68556230L, -1907061008L, -108914500L, 
2054359572L, -1027814206L, -1050366880L, 151846268L, 1846806736L, 
-94946270L, 2106234536L, 592890764L, -50657860L, -688262094L, 
1879420736L, -806566732L, -2144747704L, 730800826L, -1473253616L, 
85947628L, -442655660L, -495231214L, -1316630624L, 2024952780L, 
-1397421216L, -1093360446L, 1486257704L, -1645363796L, -1174201540L, 
1177888626L, 1199333168L, 641525284L, 113515576L, 403257562L, 
1024437648L, -1629832452L, 69919636L, 574000962L, -1891355136L, 
1914805820L, -19742128L, 973131426L, -1033802936L, -940781044L, 
-1377724196L, -210937262L, -1401988992L, 703554388L, -167477784L, 
1940545274L, 1218100048L, 948415532L, -339039884L, 1177249426L, 
1883770464L, -103127412L, 178739040L, -475450654L, -1676631896L, 
-1773724468L, 827179516L, 1060706226L, -2131674640L, -1486891580L, 
-1784106152L, 1961934714L, 1115628976L, -324170308L, 194079828L, 
-675708990L, -376645856L, 451810236L, -1574203824L, -1403876894L, 
1312974184L, -1087929012L, 197909756L, -97774862L, 570764032L, 
-1447289228L, 1823284232L, 184428986L, -1485362224L, 1908426220L, 
-740249708L, 1593237202L, 518154848L, -741182132L, -1700556512L, 
-918432421L, -439797844L, -1982784582L, -719395473L, -1077612807L, 
1118402446L, -1432325540L, -1078259507L, 537862199L, -501876032L, 
-1238680162L, -86438293L, -984119827L, 798692442L, -330636520L, 
-393754495L, -222876109L, 644133972L, 1870245986L, 1735341815L, 
713640257L, -763662394L, 1658721540L, -1059795787L, -918951009L, 
1681196024L, -104931882L, -1828248477L, 1608192037L, 322512834L, 
1246215344L, 1840560345L, 385297995L, 2095137980L, 40090346L, 
-180307169L, -47696983L, 2120529214L, -24888276L, -38962563L, 
1254454471L, -1225354832L, 980827086L, -243373829L, -362959011L, 
-493941622L, -910378328L, -1321777647L, 545150723L, 1306735108L, 
1895676466L, -1217533305L, 131960529L, 988321878L, 410003508L, 
320637765L, 1490696591L, 754331912L, -821187802L, 568878035L, 
1756812597L, 1138357394L, -1666798496L, 1187465673L, 1921507579L, 
-1109369140L, -80473254L, -965577137L, -1886301415L, 380554542L, 
1710053180L, -1046645587L, -788215977L, -1410610528L, -1983044610L, 
1322029771L, -1603156787L, 1788315642L, -1473258440L, 1730448865L, 
-1790273901L, 2013082804L, -1276822078L, -262566441L, 53367329L, 
-158907930L, 301127908L, 1975511061L, -861726657L, -305596456L, 
-21104138L, -1663935997L, 448793925L, 238680418L, 2140386000L, 
475508217L, -706165461L, -1379506532L, 358573258L, 1091079615L, 
1709584649L, -1593929186L, -1572053044L, -412230243L, 943601703L, 
1984882256L, 743142126L, 1641970587L, -110966275L, 1635503338L, 
-1851078776L, 1583755569L, -1968991837L, -708467292L, 43645010L, 
746404775L, -1574199311L, 2086931254L, 1860663252L, 468094309L, 
-932773521L, -1221616728L, 1675538694L, -114290637L, 1784448661L, 
-235110670L, 991399744L, 991063209L, 1825616155L, 686327532L, 
-704300294L, -1411497169L, 280759097L, 1431948622L, -121181284L, 
-1491410675L, -510827657L, 327079808L, -1233992226L, 1975212715L, 
-1959774803L, 167799322L, 621047000L, 1914032449L, -121198093L, 
